000004003970800010605010080306080000000006027507020000803060090790200030000008001,218674953974853216635912784326789145149536827587421369853167492791245638462398571
100003800900670004040000000020700001000000029050800006030000000400290008500008200,165943872983672154742581963629754381874316529351829746238167495417295638596438217
509600000021000008006500000705010020060000040010020807000005700200000480000009205,589632174321794568476581392745918623862357941913426857198245736257163489634879215
025000703800002000004605180000000260540200000000000540008903470400008000076000801,625841793817392654394675182183457269549286317762139548258913476431768925976524831
960000031008000900530000084001605200080103050000090000050000040000020000400357006,964582731178436925532719684391645278286173459745298163857961342613824597429357816
030009705075300000000107300004600070090000001001400080000902800017800000080005906,138269745675384192249157368824691573396578421751423689563942817917836254482715936
000000000002030840078014020100090003000368000200040005095071030001020960000000000,964852317512736849378914526186295473457368192239147685895671234741523968623489751
000000890000150672000009003005000018900562007340000500700400000596071000083000000,164327895839154672257689143675943218918562437342718569721435986596871324483296751
500080002006000100009050400040000050008209600900010004000000000184090726003827500,517384962436972185829156473741638259358249617962715834275461398184593726693827541
800090203012800000090000060000046009040000701000075008050000080037500000200010407,875694213612853974394721865781246539546938721923175648159467382437582196268319457
000020000900401006032000490000108000003207100090000060001000500046000980500030002,614923875958471326732856491425168739863297154197345268271689543346512987589734612
000090000010675090500010007000000000085000210130000078007308900000207000020060030,768493152213675894549812367972581643485736219136924578657348921391257486824169735
540080000901000002003000050002001008000948000600200300010000200400000805000010036,547182963961453782823796154792631548135948627684275391318564279476329815259817436
000360001100000060504020000000007310057600400000009580903070000700000090000490008,278364951139758264564921873492587316857613429316249587983172645745836192621495738
000065000530000000008701560900000805080000040702000001047503100000000038000840000,271365984536984217498721563914632875385179642762458391847593126659217438123846759
070000010500902004003000200000805000600000009000301000001080500008709400900010006,872546913516932874493178265139865742685427139724391658241683597368759421957214386
000128000280000093000030000300205004600090002000000000560000041902407605140000029,793128456286754193451639278319275864674891532825346917567982341932417685148563729
035000890000002006610003000000070508070000040308060000000500082100800000043000950,235746891987152436614983275461379528579218643328465719796534182152897364843621957
000090000010675090500010007000000000085000210130000078007308900000207000020060030,768493152213675894549812367972581643485736219136924578657348921391257486824169735
000020600000009008340800001007400000409600750002300000280700003000008005000030100,918523674726149538345867291857492316439681752162375849281754963673918425594236187
