000000012300000060000040000900000500000001070020000000000350400001400800060000000,649835712358217964172649385916784523834521679725963148287356491591472836463198257
000000013000030080070000000000206000030000900000010000600500204000400700100000000,869725413512934687374168529798246135231857946456319872683571294925483761147692358
000000013000200000000000080000760200008000400010000000200000750600340000000008000,562874913839215647174639582345761298728953461916482375283196754651347829497528136
000000013000500070000802000000400900107000000000000200890000050040000600000010000,572649813986531472314872596238457961167298345459163287893726154741385629625914738
000000013000700060000508000000400800106000000000000200740000050020000400000010000,867942513254731968319568724532496871196827345478153296743689152621375489985214637
000000013000700060000509000000400900106000000000000200740000050080000400000010000,967248513254731869318569724835426971126987345479153286743692158681375492592814637
000000013000800070000502000000400900107000000000000200890000050040000600000010000,278649513956831472314572896532467981167298345489153267893726154741385629625914738
000000013020500000000000000103000070000802000004000000000340500670000200000010000,549728613328561497716493825183654972957832146264179358892347561671985234435216789
000000013040000080200060000609000400000800000000300000030100500000040706000000000,867459213945231687213768954689517432324896175571324869436172598158943726792685341
000000013040000080200060000906000400000800000000300000030100500000040706000000000,867459213549231687213768954986517432375824169421396875634172598158943726792685341
000000013040000090200070000607000400000300000000900000030100500000060807000000000,978654213546231798213879654697518432481326975325947186734182569159463827862795341
000000013040000090200070000706000400000300000000900000030100500000060807000000000,978654213645231798213879654796518432521347986384926175437182569159463827862795341
000000013200800000300000070000200600001000000040000000000401500680000200000070000,478526913219837456365149872793214685521968734846753129932481567687395241154672398
000000013400200000600000000000460500010000007200500000000031000000000420080000000,827945613431286975659173842378462591514398267296517384942831756163759428785624139
000000013400800000200000070000400900001000000060000000000501600380000200000070000,675924813413867592298153476732415968841396725569782134924531687387649251156278349
000000014000000203800050000000207000031000000000000650600000700000140000000300000,769823514145769283823451976456217398931685427278934651614598732397142865582376149
000000014000020000500000000010804000700000500000100000000050730004200000030000600,976583214481629357523741869315874926749362581862195473198456732654237198237918645
000000014000708000000000000104005000000200830600000000500040000030000700000090001,857926314341758692962431578184365927795214836623879145519647283436182759278593461
000000014008005000020000000000020705100000000000000800070000530600140000000200000,596782314318465279724319658943821765185976423267534891471698532652143987839257146
000000014008005000020000000000020805100000000000000700070000530600140000000200000,596872314318465279724319658943721865167598423285634791471986532652143987839257146
