098005060600900003003607901307000410000010000061000802504206100700008005010400320,198325764675941283243687951357862419982714536461593872534276198729138645816459327
009006000067000080005304196503040800000108000008020405281709500050000270000200900,349816752167592384825374196513647829492158637678923415281769543956431278734285961
803415002010090070000200008200000705380000091407000006700008000030040050600351207,873415962512896374964273518291684735386527491457139826725968143138742659649351287
009006000067000080005304196503040800000108000008020405281709500050000270000200900,349816752167592384825374196513647829492158637678923415281769543956431278734285961
002500600000084000804023905091805007046070830200401560908710304000340000003002100,132597648759684213864123975391865427546279831287431569928716354615348792473952186
000005000050000048000460519570008000008006904240003000000750863030000021000004000,964815372157932648823467519579148236318276954246593187492751863735689421681324795
008201500041000960090605030004307600000050000000904000410000029037000180000403000,368291547541738962792645831924387615876152493153964278415876329637529184289413756
403507080002009007050018009300050004000000000900070003500780040200600700080103506,493567182812439657657218439326951874178324965945876213569782341231645798784193526
000040000809605102016000390100090006000701000900020001380000029000080000054000810,723149568849635172516872394175398246462751983938426751387514629691287435254963817
000043060690001070000760420008090000072000630000070500086017000020600094010950000,257843961694521873831769425168395247572184639349276518986417352725638194413952786
800000003000079100054018900047803000039000280000902360003490810006780000400000009,891624753362579148754318926247863591639157284185942367573496812926781435418235679
510000063007462800400000002008040300000506000300908001000605000000000000001289600,512897463937462815486153972298741356174536298365928741843675129629314587751289634
070025860100009004609000500240301000900040005000906048007000102300500007094710080,473125869158639724629874531245381976986247315731956248867493152312568497594712683
000900005000060080020135000402050003010002900703090006070513000000070050000800004,361948275549267381827135469492756813615382947783491526274513698938674152156829734
000008670860349010300500000190207850020000090084901027000005001070614035041800000,459128673867349512312576948193267854725483196684951327236795481978614235541832769
500000009008000100709602805080905010007000900002000300300020008400807001000153000,514378629268594173739612845683945712157236984942781356371429568495867231826153497
080000100000600009609350020060000700704030005020000900803470090000100004090000500,587249136132687459649351827968524713714938265325716948853472691276195384491863572
000000000004000800800476001092030670400000008001040500060189050007000100000307000,319528746674913825825476391592831674436795218781642539263189457957264183148357962
002809070005070000300600090030000950001000700078000060040003002000020300080406500,462859173895371426317642895634287951521964738978135264749513682156728349283496517
018390020400501007000060009060000035104000902280000040800050000700109008090036470,618397524429581367375264819967428135154673982283915746841752693736149258592836471
