000800040820064000000010630200730000390080076000095001037050000000640097050007000,563879142821364759749512638214736985395281476678495321937158264182643597456927813
004790860503008000800001029079000008300000006400000170750100004000500601046083700,214795863593628417867341529679412358321857946485936172758169234932574681146283795
084610000050000000620000050009006300200703005003400700070000068000000030000082970,384615297957238146621974853719856324248793615563421789172349568895167432436582971
620540000001003090004006000800000530000000000042000009000600700030700400000021065,623549817751283694984176352897412536165937248342865179219654783536798421478321965
002073000804000100000000082000350040650000000000260010000000029903000500007048000,192873456864592137735614982279351648651487293348269715416735829983126574527948361
908620003000405000010000700007009010000200000001004050040000200000902000305740009,978621543632475981514893726467589312853217694291364857749156238186932475325748169
290458300000020600080000050819060000000309000000040978070000060008090000002714095,296458317537921684481673259819267543754389126623145978975832461148596732362714895
004900800000380000703004901009702035050000080360805200105400306000036000002009700,524961873916387452783524961849712635257693184361845297195478326478236519632159748
108200090902008000030090000009005024040000800005007036080020000304001000201300050,168243597952178463437596182619835724743962815825417936586729341394651278271384659
007009200090010000400820900040900007006503100800006040008097001000050060004200500,587369214692714835431825976143982657976543182825176349358697421219458763764231598
004600130908000000700004062006070001000405000800030600180900004000000208032001700,524687139968312475713594862396278541271465983845139627187926354659743218432851796
000000907002000064094103000100209000209080503000501009000807240920000700807000000,581426937732958164694173852153269478269784513478531629315897246926345781847612395
000060000000040000030852060900306001206000308010705040400000005359000416080000020,792163584568947132134852967945386271276419358813725649427631895359278416681594723
000365000390000085000000000003809200200000007840000031006152400005080700900000002,478365129392741685651298374513879246269413857847526931736152498125984763984637512
000031080100009500050200000430020900700106002001040065000004030003800007010650000,679531284128469573354287196436725918785196342291348765562974831943812657817653429
040016000006008704080700030270000300400050006005000079050002090803500400000630080,547316928316928754982745631278169345439257816165483279654872193823591467791634582
000002007090007400700100803200300780300000005065001009507009001001700050900200000,436892517198537426752164893219356784374928165865471239527689341681743952943215678
089600074000000010020070008000520800008049000000310200050090001000000020071200056,189632574367854912425971638714526893238749165596318247652497381843165729971283456
001504000000003504705000010004080106010400000006050702602000030000006907003908000,361574289829613574745892613534287196217469358986351742692745831458136927173928465
000200410600080500104000000010003090002009608080005030908000000700030800000900760,857296413693184572124357986516873294372419658489625137948761325761532849235948761
